
# Embedded Base Multi-Layered Perceptron
## Emotions:
### Confusion Matrix:
698	25	2	3	12	6	0	6	0	2	7	3	0	7	2	88	0	44	72	0	1092	19	0	0	0	0	4	5	
56	339	6	7	2	0	2	8	2	0	6	4	0	2	4	23	0	23	14	0	743	2	0	0	0	2	4	1	
14	14	92	20	0	0	2	11	0	3	9	10	0	0	3	9	1	1	11	0	776	2	0	0	0	2	5	2	
28	25	40	38	4	1	4	11	1	1	23	14	2	2	14	21	0	6	22	1	1456	2	0	0	0	2	7	3	
98	24	10	13	44	4	3	3	1	3	20	1	0	3	2	38	0	14	38	0	1844	8	1	0	1	3	6	5	
28	3	2	2	3	23	0	1	0	0	3	0	0	1	2	30	0	6	9	0	569	22	0	0	0	3	4	0	
8	10	2	2	1	0	24	65	0	0	21	2	0	0	0	12	1	0	4	1	839	0	0	0	0	0	3	5	
7	7	1	1	0	2	7	140	0	1	1	0	1	3	3	16	0	0	9	0	957	3	0	0	0	1	0	4	
12	6	0	1	2	0	0	2	21	0	2	0	0	1	1	15	0	6	8	0	334	19	0	0	0	0	0	0	
15	15	7	9	1	1	4	5	3	8	21	3	0	0	8	12	0	2	4	2	794	4	0	0	0	3	25	7	
24	21	23	10	5	2	2	8	0	4	67	7	2	0	5	10	0	3	9	1	1306	3	0	0	0	4	5	3	
11	9	28	15	1	1	3	3	0	3	3	40	2	0	8	2	0	1	6	0	415	1	0	0	0	2	3	1	
0	11	5	3	0	3	0	0	1	0	3	5	5	0	3	0	0	0	3	0	249	0	0	0	0	3	3	0	
53	12	1	0	0	1	0	7	0	0	2	0	0	22	1	22	0	23	14	0	409	8	0	0	0	0	0	8	
9	6	2	0	0	0	0	4	0	1	3	8	0	0	43	2	0	3	2	1	271	1	0	0	0	0	4	1	
83	13	6	2	2	7	0	4	0	0	0	0	0	3	0	626	1	25	14	0	611	16	0	0	0	9	3	4	
0	0	0	1	0	0	0	0	0	0	0	0	0	0	0	1	4	0	0	0	50	0	0	0	0	0	2	0	
67	52	1	3	2	5	1	1	2	1	0	0	0	6	1	47	0	87	45	0	523	17	1	0	1	0	3	4	
66	10	1	2	1	1	0	1	0	0	1	0	0	0	0	25	0	9	442	0	442	1	0	0	0	0	2	0	
0	1	0	0	0	0	0	0	0	0	1	1	0	0	1	1	0	0	0	2	136	0	0	0	0	1	3	0	
265	132	43	32	24	12	20	169	12	14	92	17	3	17	20	122	3	47	107	0	9818	46	0	0	2	14	31	22	
46	4	3	2	2	9	0	0	2	0	2	0	0	3	3	35	0	15	14	0	647	109	0	0	0	0	1	3	
16	1	1	0	0	0	0	0	0	1	2	0	0	0	0	4	0	8	1	0	107	2	2	0	0	0	0	0	
17	9	4	1	1	2	1	5	1	0	12	1	0	1	0	13	0	4	10	0	897	1	0	0	0	3	4	7	
4	4	1	1	0	4	0	0	0	0	2	0	0	0	1	7	0	5	1	0	132	3	0	0	0	0	1	1	
5	4	1	3	0	0	0	2	1	0	0	0	1	0	1	12	1	0	1	0	198	4	0	0	0	47	12	1	
7	8	3	6	1	3	0	5	1	8	4	5	0	0	3	13	1	1	7	2	545	4	0	0	0	23	89	0	
24	5	6	1	0	0	4	17	0	1	5	2	3	5	5	13	0	0	9	0	577	1	0	0	0	1	2	22	

### Metrics:
              precision    recall  f1-score   support

           0       0.42      0.33      0.37      2097
           1       0.44      0.27      0.34      1250
           2       0.32      0.09      0.14       987
           3       0.21      0.02      0.04      1728
           4       0.41      0.02      0.04      2187
           5       0.26      0.03      0.06       711
           6       0.31      0.02      0.04      1000
           7       0.29      0.12      0.17      1164
           8       0.44      0.05      0.09       430
           9       0.16      0.01      0.02       953
          10       0.21      0.04      0.07      1524
          11       0.33      0.07      0.12       558
          12       0.26      0.02      0.03       297
          13       0.29      0.04      0.07       583
          14       0.32      0.12      0.17       361
          15       0.51      0.44      0.47      1429
          16       0.33      0.07      0.11        58
          17       0.26      0.10      0.14       870
          18       0.50      0.44      0.47      1004
          19       0.20      0.01      0.03       147
          20       0.37      0.89      0.52     11084
          21       0.37      0.12      0.18       900
          22       0.50      0.01      0.03       145
          23       0.00      0.00      0.00       994
          24       0.00      0.00      0.00       167
          25       0.38      0.16      0.23       294
          26       0.39      0.12      0.18       739
          27       0.20      0.03      0.05       703

    accuracy                           0.37     34364
   macro avg       0.31      0.13      0.15     34364
weighted avg       0.34      0.37      0.28     34364
## Sentiments:
### Confusion Matrix:
726	695	1582	927	
196	3550	2355	1626	
499	2003	5321	3147	
194	1324	2740	7479	

### Metrics:
              precision    recall  f1-score   support

           0       0.45      0.18      0.26      3930
           1       0.47      0.46      0.46      7727
           2       0.44      0.49      0.46     10970
           3       0.57      0.64      0.60     11737

    accuracy                           0.50     34364
   macro avg       0.48      0.44      0.45     34364
weighted avg       0.49      0.50      0.49     34364
