
# Base Multinomial Naive Bayes
## Emotions:
### Confusion Matrix:
938	11	1	5	41	4	1	5	1	2	7	1	0	1	0	37	0	18	38	0	969	5	0	4	0	0	1	11	
53	365	4	11	9	2	1	1	4	1	2	0	0	3	0	5	0	14	10	0	746	0	0	2	0	0	0	2	
15	5	133	75	8	2	1	8	0	5	16	6	0	1	0	3	0	1	3	0	734	4	0	2	0	1	2	4	
31	17	52	127	40	5	7	9	0	7	30	11	0	2	0	14	0	2	4	0	1352	5	0	4	0	1	5	7	
104	25	8	21	205	11	9	8	1	4	36	1	0	2	0	19	0	5	13	0	1768	16	0	17	0	0	3	4	
14	1	4	4	8	40	0	1	0	0	6	0	0	1	0	18	0	1	2	0	566	17	0	1	0	1	2	1	
13	8	5	17	18	1	57	25	0	1	10	0	0	0	0	4	0	1	1	0	786	1	0	3	0	0	0	0	
15	7	1	9	16	3	22	125	2	1	4	2	0	1	0	10	0	1	0	0	978	2	0	1	0	0	1	4	
10	2	2	2	3	0	0	2	16	1	0	0	0	1	0	2	0	2	4	0	364	13	0	0	0	0	0	0	
19	9	6	22	18	1	2	0	2	34	18	3	0	1	0	8	0	2	2	0	738	4	0	3	0	1	13	3	
16	13	15	34	30	2	10	8	0	5	109	2	0	2	0	5	0	2	3	0	1239	1	0	5	0	0	3	2	
4	3	19	41	12	1	2	0	1	1	10	42	0	0	1	5	0	1	1	0	461	1	0	2	0	1	1	1	
6	5	5	4	2	0	1	1	0	0	3	2	2	0	0	3	0	1	0	0	232	0	0	4	0	1	2	2	
68	6	5	4	10	0	0	5	0	0	1	0	0	16	0	7	0	38	6	0	395	5	0	4	0	0	1	10	
11	2	1	3	14	2	2	1	0	4	4	1	0	0	8	0	0	1	0	0	282	0	0	0	0	0	4	1	
87	10	0	5	7	5	0	2	0	1	2	0	0	0	0	931	0	12	2	0	321	13	0	1	0	2	0	1	
2	0	1	0	0	0	0	0	0	0	1	0	0	0	0	0	0	0	0	0	61	0	0	1	0	0	5	0	
60	54	2	3	18	2	1	2	0	2	1	0	0	6	0	23	0	101	28	0	568	4	0	0	0	1	1	0	
94	6	0	4	7	2	0	1	0	0	1	0	0	0	0	4	0	10	344	0	501	2	0	1	0	0	2	2	
0	1	0	0	5	1	1	1	0	1	0	0	1	1	0	1	0	1	0	0	139	0	0	1	0	0	0	2	
338	104	93	145	285	44	56	67	12	49	156	20	3	24	11	76	1	47	66	0	9357	48	1	49	0	1	24	30	
30	5	1	2	23	7	2	2	0	3	5	0	0	1	0	15	0	7	3	0	687	107	0	0	0	0	0	1	
27	0	0	0	3	1	0	1	0	0	2	0	0	3	0	3	0	2	1	0	87	1	0	0	0	0	0	0	
19	7	3	16	29	1	0	7	0	5	15	0	0	0	1	0	0	3	3	0	781	3	0	44	0	0	1	5	
14	0	1	1	5	1	1	0	0	0	0	0	0	1	0	15	0	6	1	0	130	0	0	0	0	0	0	0	
3	2	1	4	4	2	0	1	0	0	2	1	0	0	0	16	0	0	1	0	240	0	0	1	0	17	12	0	
1	5	3	11	14	2	1	0	1	12	9	3	2	0	0	12	0	4	1	0	619	0	0	1	0	7	54	1	
41	5	14	9	9	2	4	7	0	3	5	0	0	4	0	7	0	5	3	0	505	1	0	5	0	0	1	50	

### Metrics:
              precision    recall  f1-score   support

           0       0.46      0.45      0.45      2101
           1       0.54      0.30      0.38      1235
           2       0.35      0.13      0.19      1029
           3       0.22      0.07      0.11      1732
           4       0.24      0.09      0.13      2280
           5       0.28      0.06      0.10       688
           6       0.31      0.06      0.10       951
           7       0.43      0.10      0.17      1205
           8       0.40      0.04      0.07       424
           9       0.24      0.04      0.06       909
          10       0.24      0.07      0.11      1506
          11       0.44      0.07      0.12       611
          12       0.25      0.01      0.01       276
          13       0.23      0.03      0.05       581
          14       0.38      0.02      0.04       341
          15       0.75      0.66      0.70      1402
          16       0.00      0.00      0.00        71
          17       0.35      0.12      0.17       877
          18       0.64      0.35      0.45       981
          19       0.00      0.00      0.00       156
          20       0.37      0.84      0.51     11107
          21       0.42      0.12      0.19       901
          22       0.00      0.00      0.00       131
          23       0.28      0.05      0.08       943
          24       0.00      0.00      0.00       176
          25       0.50      0.06      0.10       307
          26       0.39      0.07      0.12       763
          27       0.35      0.07      0.12       680

    accuracy                           0.38     34364
   macro avg       0.32      0.14      0.16     34364
weighted avg       0.37      0.38      0.31     34364
## Sentiments:
### Confusion Matrix:
909	614	1395	873	
322	4063	2106	1172	
682	1971	5401	2985	
303	946	2246	8376	

### Metrics:
              precision    recall  f1-score   support

           0       0.41      0.24      0.30      3791
           1       0.54      0.53      0.53      7663
           2       0.48      0.49      0.49     11039
           3       0.62      0.71      0.66     11871

    accuracy                           0.55     34364
   macro avg       0.51      0.49      0.50     34364
weighted avg       0.54      0.55      0.54     34364

# Base Decision Tree
## Emotions:
### Confusion Matrix:
1175	42	12	35	126	18	17	12	15	15	19	6	2	37	5	67	0	55	74	1	288	23	8	12	4	1	4	28	
76	715	15	45	43	13	14	6	12	8	11	8	4	10	1	12	1	48	13	0	148	4	0	10	1	1	3	13	
19	18	375	164	29	7	18	20	2	29	35	40	9	5	8	3	0	3	4	4	207	8	2	5	0	2	7	6	
60	64	240	384	108	42	35	29	12	82	92	50	21	15	13	16	0	11	6	5	388	12	0	14	1	5	15	12	
200	66	52	136	616	61	50	43	43	50	67	18	9	28	10	23	0	26	39	7	630	33	4	30	9	3	10	17	
35	13	25	37	72	188	9	11	10	22	23	0	4	9	3	12	1	6	10	7	144	25	0	5	4	6	5	2	
15	29	35	63	54	8	266	124	3	19	36	8	5	7	6	1	0	1	3	4	232	2	2	11	0	2	3	12	
34	25	38	61	49	12	191	401	7	21	10	4	3	19	8	10	0	3	2	1	271	4	1	7	3	1	3	16	
15	5	9	17	37	18	7	11	123	14	11	3	1	7	2	5	1	3	10	3	91	22	1	4	0	0	1	3	
15	29	53	107	67	21	25	12	13	174	58	17	11	7	7	6	2	2	10	5	196	6	0	7	1	10	43	5	
38	31	98	172	118	34	45	24	10	85	322	31	9	3	6	6	0	10	4	4	405	8	1	17	0	3	12	10	
15	14	76	93	22	4	14	7	3	35	29	130	16	2	7	1	3	0	5	1	114	3	0	7	0	3	6	1	
5	20	19	28	15	5	11	2	0	14	17	10	53	0	2	3	1	2	0	0	54	0	1	3	0	6	3	2	
75	28	15	20	36	12	3	30	7	10	6	1	1	119	1	7	1	31	14	0	113	12	1	8	1	1	0	28	
6	9	15	26	22	11	6	10	0	18	14	10	2	1	118	0	0	3	4	3	50	1	0	2	1	1	6	2	
117	15	6	19	25	21	7	9	11	9	4	3	1	8	0	1018	0	27	5	1	58	17	0	4	1	11	1	4	
5	0	5	6	1	1	0	1	2	4	2	2	2	0	2	3	5	0	2	0	18	1	2	2	0	0	4	1	
91	129	9	21	72	20	2	7	11	14	6	0	1	43	3	28	0	216	43	2	119	13	2	8	2	1	2	12	
151	25	2	21	49	15	15	8	13	7	5	6	1	18	3	7	0	38	495	0	89	4	0	3	0	0	3	3	
4	2	5	16	15	10	4	4	0	15	3	5	6	4	3	1	2	0	0	17	31	1	0	0	0	2	5	1	
574	348	407	699	1110	262	433	395	123	301	512	128	65	126	70	88	13	128	125	39	4718	108	15	124	15	15	77	89	
68	20	11	47	95	45	18	11	44	14	26	4	4	18	5	25	1	11	7	3	215	186	4	8	1	1	3	6	
28	2	1	3	21	7	3	1	0	1	2	1	0	4	0	2	2	7	1	0	34	1	8	1	0	0	0	1	
50	31	21	70	109	16	30	19	11	32	48	8	8	7	7	8	1	14	7	1	335	5	1	74	0	11	2	17	
24	3	1	7	18	13	3	4	1	5	1	2	1	2	1	21	0	12	1	0	43	1	1	0	11	0	0	0	
8	7	6	18	21	7	8	3	2	20	12	3	10	0	2	19	6	1	1	2	40	0	0	10	0	81	20	0	
16	8	30	71	39	32	13	11	9	85	39	13	10	1	17	8	10	5	6	6	152	4	0	14	0	44	119	1	
56	20	29	41	41	6	34	41	1	25	20	4	5	30	3	6	2	12	7	2	157	4	1	14	0	0	2	117	

### Metrics:
              precision    recall  f1-score   support

           0       0.39      0.56      0.46      2101
           1       0.42      0.58      0.48      1235
           2       0.23      0.36      0.28      1029
           3       0.16      0.22      0.18      1732
           4       0.20      0.27      0.23      2280
           5       0.21      0.27      0.24       688
           6       0.21      0.28      0.24       951
           7       0.32      0.33      0.33      1205
           8       0.25      0.29      0.27       424
           9       0.15      0.19      0.17       909
          10       0.23      0.21      0.22      1506
          11       0.25      0.21      0.23       611
          12       0.20      0.19      0.20       276
          13       0.22      0.20      0.21       581
          14       0.38      0.35      0.36       341
          15       0.72      0.73      0.73      1402
          16       0.10      0.07      0.08        71
          17       0.32      0.25      0.28       877
          18       0.55      0.50      0.53       981
          19       0.14      0.11      0.12       156
          20       0.51      0.42      0.46     11107
          21       0.37      0.21      0.26       901
          22       0.15      0.06      0.09       131
          23       0.18      0.08      0.11       943
          24       0.20      0.06      0.10       176
          25       0.38      0.26      0.31       307
          26       0.33      0.16      0.21       763
          27       0.29      0.17      0.21       680

    accuracy                           0.36     34364
   macro avg       0.29      0.27      0.27     34364
weighted avg       0.37      0.36      0.36     34364
## Sentiments:
### Confusion Matrix:
1827	638	866	460	
806	4636	1517	704	
1643	2541	5227	1628	
874	1365	2547	7085	

### Metrics:
              precision    recall  f1-score   support

           0       0.35      0.48      0.41      3791
           1       0.51      0.60      0.55      7663
           2       0.51      0.47      0.49     11039
           3       0.72      0.60      0.65     11871

    accuracy                           0.55     34364
   macro avg       0.52      0.54      0.53     34364
weighted avg       0.56      0.55      0.55     34364

# Base Multi-Layered Perceptron
## Emotions:
### Confusion Matrix:
1047	28	3	0	14	6	2	5	2	2	2	3	0	3	0	38	0	25	81	0	782	20	0	1	0	0	5	32	
35	770	4	5	1	0	2	0	5	0	3	1	0	0	0	6	0	11	23	0	345	4	0	0	0	3	3	14	
8	12	225	41	5	5	3	5	2	2	11	18	0	0	3	2	0	4	8	0	652	10	0	1	0	2	5	5	
25	40	98	62	12	1	9	5	6	4	23	34	1	2	6	19	0	6	14	0	1322	9	0	1	0	6	11	16	
121	44	8	5	142	17	7	3	9	1	17	7	0	0	4	15	0	14	33	1	1777	27	0	1	0	7	7	13	
21	14	4	1	6	47	2	1	7	1	12	1	0	1	1	8	0	11	13	0	483	37	0	0	0	12	3	2	
16	17	17	4	9	3	77	24	0	0	7	3	0	1	4	4	0	3	5	0	739	3	0	1	0	2	1	11	
15	23	6	4	7	2	19	109	2	0	1	2	1	2	1	12	0	5	7	0	959	4	0	0	0	2	0	22	
5	5	0	0	2	2	0	0	86	0	2	1	0	0	1	3	0	6	16	0	264	28	0	1	0	0	0	2	
15	19	11	7	5	0	5	3	6	12	4	14	0	1	2	8	0	3	8	0	732	9	0	1	0	8	33	3	
20	28	25	15	19	5	12	2	2	5	75	19	1	1	0	5	0	4	13	0	1217	9	0	0	0	13	7	9	
5	5	36	12	5	1	3	1	1	1	7	101	0	0	5	3	0	1	5	0	411	2	0	0	0	1	3	2	
4	9	8	4	1	1	2	0	0	3	2	9	7	0	1	1	0	0	2	0	202	0	0	0	0	11	1	8	
68	14	9	1	3	1	0	3	1	0	0	0	0	41	0	9	0	45	16	0	325	6	0	0	0	0	2	37	
4	6	1	2	8	2	0	1	0	0	0	6	1	0	64	0	0	0	3	0	233	1	0	0	0	2	6	1	
87	16	2	0	4	2	4	0	3	0	1	0	0	1	0	1081	0	27	4	0	120	26	0	0	0	17	4	3	
2	0	2	0	0	0	1	0	0	0	1	0	0	0	1	0	0	0	1	0	58	0	0	0	0	2	3	0	
53	127	3	0	9	1	1	2	4	0	1	0	0	4	0	23	0	207	55	0	364	9	0	0	0	2	2	10	
54	12	3	4	7	0	0	0	0	0	1	1	0	0	0	3	0	9	655	0	219	8	0	0	0	0	3	2	
3	1	4	0	1	4	0	1	0	1	0	2	0	0	2	1	0	0	0	0	129	4	0	0	0	1	2	0	
272	272	102	41	97	35	76	64	29	11	92	50	1	12	21	62	0	63	170	0	9399	98	0	12	0	27	40	61	
30	17	0	1	13	13	1	3	22	0	6	2	0	2	1	13	0	10	12	0	466	282	0	1	0	2	1	3	
22	3	0	0	1	1	0	0	0	1	0	0	0	0	0	2	0	4	1	0	92	0	0	0	0	0	1	3	
23	22	4	8	11	2	1	3	1	1	14	5	0	1	3	1	0	1	10	0	769	6	0	17	0	7	3	30	
10	2	0	0	2	3	1	0	0	0	1	0	0	2	0	23	0	16	1	0	109	2	0	0	0	0	3	1	
1	8	4	2	2	1	1	3	1	2	2	1	0	0	0	4	0	0	1	0	125	1	0	0	0	139	8	1	
7	10	6	3	5	4	0	2	5	6	2	10	0	0	3	1	0	3	10	0	471	7	0	1	0	70	135	2	
25	9	12	1	3	0	1	10	1	1	3	3	0	2	0	4	0	5	8	0	429	1	0	1	0	0	1	160	

### Metrics:
              precision    recall  f1-score   support

           0       0.52      0.50      0.51      2101
           1       0.50      0.62      0.56      1235
           2       0.38      0.22      0.28      1029
           3       0.28      0.04      0.06      1732
           4       0.36      0.06      0.11      2280
           5       0.30      0.07      0.11       688
           6       0.33      0.08      0.13       951
           7       0.44      0.09      0.15      1205
           8       0.44      0.20      0.28       424
           9       0.22      0.01      0.02       909
          10       0.26      0.05      0.08      1506
          11       0.34      0.17      0.22       611
          12       0.58      0.03      0.05       276
          13       0.54      0.07      0.12       581
          14       0.52      0.19      0.28       341
          15       0.80      0.77      0.79      1402
          16       0.00      0.00      0.00        71
          17       0.43      0.24      0.30       877
          18       0.56      0.67      0.61       981
          19       0.00      0.00      0.00       156
          20       0.41      0.85      0.55     11107
          21       0.46      0.31      0.37       901
          22       0.00      0.00      0.00       131
          23       0.44      0.02      0.03       943
          24       0.00      0.00      0.00       176
          25       0.41      0.45      0.43       307
          26       0.46      0.18      0.26       763
          27       0.35      0.24      0.28       680

    accuracy                           0.43     34364
   macro avg       0.37      0.22      0.24     34364
weighted avg       0.41      0.43      0.36     34364
## Sentiments:
### Confusion Matrix:
1212	576	1362	641	
399	4385	1940	939	
820	2012	5893	2314	
386	994	2240	8251	

### Metrics:
              precision    recall  f1-score   support

           0       0.43      0.32      0.37      3791
           1       0.55      0.57      0.56      7663
           2       0.52      0.53      0.52     11039
           3       0.68      0.70      0.69     11871

    accuracy                           0.57     34364
   macro avg       0.54      0.53      0.53     34364
weighted avg       0.57      0.57      0.57     34364

# Top Multinomial Naive Bayes
## Emotions:
### Confusion Matrix:
1065	25	3	10	56	13	2	11	2	7	13	1	1	6	1	59	0	37	68	0	663	11	2	13	1	0	5	26	
60	550	8	17	21	4	2	5	6	3	8	0	0	4	1	9	0	31	14	0	470	5	0	6	0	0	5	6	
13	7	218	119	12	8	2	12	0	7	30	16	1	2	1	5	0	3	5	0	546	6	1	3	0	1	7	4	
34	28	97	217	56	17	12	24	5	29	67	31	3	12	2	20	0	3	7	1	1017	7	0	12	0	1	16	14	
131	35	15	35	272	33	25	16	8	12	60	2	2	5	2	32	0	16	23	0	1467	33	0	26	1	1	11	17	
16	6	4	9	20	93	3	3	2	7	11	2	0	1	0	22	0	2	5	0	443	27	0	3	0	2	6	1	
16	15	15	19	22	2	122	51	0	7	25	0	0	0	0	7	0	2	4	0	624	2	0	9	0	0	3	6	
22	12	6	11	21	7	43	222	5	7	11	2	0	8	1	13	0	0	4	0	787	4	0	6	0	1	1	11	
15	3	3	4	5	9	2	2	44	4	6	1	0	1	1	3	0	3	10	0	273	28	0	1	0	1	1	4	
20	17	14	39	26	8	6	4	5	63	37	7	1	3	1	10	0	2	4	0	578	8	0	5	0	3	42	6	
20	21	25	61	47	9	28	11	0	27	214	18	0	2	3	9	0	4	6	0	966	7	0	10	0	0	12	6	
9	7	28	60	15	1	7	2	1	4	26	92	4	1	2	6	1	2	3	0	322	5	0	6	0	1	4	2	
9	5	6	15	3	1	4	2	0	7	5	3	18	0	1	4	0	1	0	0	172	1	0	8	0	4	3	4	
80	10	12	5	10	2	0	12	0	1	2	0	0	48	0	11	0	54	12	0	284	9	0	5	0	0	2	22	
12	5	2	12	15	4	2	2	0	6	8	2	1	1	38	0	0	1	0	0	210	2	0	4	0	1	9	4	
90	13	0	5	12	10	4	2	0	2	5	0	0	0	0	1029	0	20	4	0	168	25	0	1	0	5	5	2	
2	0	1	1	0	1	0	0	0	0	1	0	0	1	1	0	0	0	0	0	53	0	0	2	0	0	8	0	
83	88	4	2	22	4	1	7	1	4	3	0	0	17	0	33	0	177	45	0	359	11	0	6	0	1	6	3	
102	11	3	7	12	3	0	1	0	1	0	1	0	0	0	12	0	14	464	0	340	3	0	3	0	0	2	2	
2	2	0	7	4	5	1	1	0	4	1	1	1	3	1	2	1	1	0	2	107	0	0	1	0	1	5	3	
409	182	162	242	432	116	141	165	34	111	296	58	12	49	26	106	3	90	112	2	7953	110	6	136	8	6	73	67	
42	12	1	9	42	21	6	4	10	5	13	0	1	1	0	24	0	8	5	0	493	196	0	2	0	0	3	3	
30	2	0	0	5	3	2	1	0	1	1	0	0	3	0	4	0	4	1	0	67	2	2	2	0	0	0	1	
28	14	8	29	37	8	11	9	1	11	33	3	2	2	2	3	0	4	3	0	632	5	0	76	0	2	2	18	
14	1	2	5	6	5	2	0	0	1	1	0	0	3	0	24	0	13	1	0	94	1	0	0	1	0	1	1	
2	4	1	5	12	4	4	2	1	6	9	2	0	0	0	15	0	1	1	0	164	2	0	8	0	43	21	0	
6	6	5	23	14	9	1	3	3	37	18	7	2	0	1	14	0	7	5	0	455	1	0	4	0	19	121	2	
44	8	17	11	16	2	9	20	0	5	9	2	0	10	1	8	0	5	6	0	395	1	0	11	0	0	2	98	

### Metrics:
              precision    recall  f1-score   support

           0       0.45      0.51      0.48      2101
           1       0.51      0.45      0.47      1235
           2       0.33      0.21      0.26      1029
           3       0.22      0.13      0.16      1732
           4       0.22      0.12      0.16      2280
           5       0.23      0.14      0.17       688
           6       0.28      0.13      0.18       951
           7       0.37      0.18      0.25      1205
           8       0.34      0.10      0.16       424
           9       0.17      0.07      0.10       909
          10       0.23      0.14      0.18      1506
          11       0.37      0.15      0.21       611
          12       0.37      0.07      0.11       276
          13       0.26      0.08      0.13       581
          14       0.44      0.11      0.18       341
          15       0.69      0.73      0.71      1402
          16       0.00      0.00      0.00        71
          17       0.35      0.20      0.26       877
          18       0.57      0.47      0.52       981
          19       0.40      0.01      0.02       156
          20       0.40      0.72      0.51     11107
          21       0.38      0.22      0.28       901
          22       0.18      0.02      0.03       131
          23       0.21      0.08      0.12       943
          24       0.09      0.01      0.01       176
          25       0.46      0.14      0.21       307
          26       0.32      0.16      0.21       763
          27       0.29      0.14      0.19       680

    accuracy                           0.39     34364
   macro avg       0.33      0.20      0.22     34364
weighted avg       0.36      0.39      0.35     34364
## Sentiments:
### Confusion Matrix:
909	614	1395	873	
322	4063	2106	1172	
682	1971	5401	2985	
303	946	2246	8376	

### Metrics:
              precision    recall  f1-score   support

           0       0.41      0.24      0.30      3791
           1       0.54      0.53      0.53      7663
           2       0.48      0.49      0.49     11039
           3       0.62      0.71      0.66     11871

    accuracy                           0.55     34364
   macro avg       0.51      0.49      0.50     34364
weighted avg       0.54      0.55      0.54     34364

# Top Decision Tree
## Emotions:
### Confusion Matrix:
1122	49	11	33	122	17	15	12	10	12	20	7	2	31	1	61	0	52	78	1	367	25	8	10	2	0	6	27	
68	677	14	44	36	12	13	8	8	11	15	4	1	8	1	12	1	48	15	0	205	4	0	8	1	2	4	15	
19	20	321	136	27	8	20	14	1	21	41	35	7	5	6	4	0	3	7	4	292	8	2	12	0	1	7	8	
58	51	198	330	103	28	38	29	11	71	95	46	12	9	10	17	0	10	5	3	532	17	0	23	1	4	17	14	
187	59	53	106	514	54	53	37	38	28	77	14	8	20	10	22	0	23	36	6	827	28	3	35	10	5	12	15	
33	13	27	36	66	146	8	11	9	14	22	1	2	8	1	16	1	6	12	6	196	28	0	4	5	10	5	2	
17	27	34	58	59	9	221	109	4	16	38	9	3	6	9	1	0	0	5	1	292	1	2	12	0	2	4	12	
35	26	34	59	50	11	143	349	7	16	17	3	2	16	10	10	1	2	2	1	372	7	1	8	2	0	3	18	
17	7	8	15	32	18	4	12	100	9	13	3	1	9	2	4	0	8	12	2	115	23	1	4	0	1	1	3	
19	28	47	97	68	25	22	14	8	137	55	16	13	4	5	8	0	1	7	6	258	5	0	5	1	10	41	9	
30	32	90	129	105	32	42	31	7	70	294	27	15	4	7	6	0	9	3	3	520	10	1	15	0	5	11	8	
14	10	73	88	24	5	14	7	2	27	26	123	8	1	7	1	0	1	4	1	151	3	0	5	0	3	10	3	
5	17	17	28	15	4	9	5	0	10	12	8	45	0	4	2	1	3	1	0	72	1	1	2	0	7	3	4	
79	25	11	22	32	9	9	25	3	4	5	1	0	98	2	12	0	34	15	0	146	14	1	9	1	1	1	22	
7	10	16	25	20	8	6	10	1	12	15	6	1	1	105	0	0	3	4	3	72	2	0	2	1	1	7	3	
116	16	8	13	23	18	3	8	10	8	5	3	1	7	0	1030	0	24	5	0	64	17	0	4	2	12	1	4	
2	0	1	5	1	2	1	1	2	6	4	3	1	0	2	1	2	0	2	0	26	1	2	1	0	0	4	1	
80	120	8	20	66	11	4	7	7	10	7	2	3	32	3	27	0	211	53	2	167	13	1	8	3	1	1	10	
128	20	3	21	44	11	14	7	11	8	5	3	2	14	2	9	0	30	526	0	113	3	0	4	0	0	2	1	
4	3	4	11	16	8	5	1	0	18	4	4	5	4	4	1	0	0	0	18	36	2	0	0	0	1	6	1	
510	319	343	568	871	206	346	357	90	229	442	87	47	89	55	81	9	102	115	27	5769	106	11	131	9	13	93	82	
65	21	11	36	79	45	17	11	38	16	24	3	4	12	3	21	2	10	9	3	251	194	3	9	2	1	4	7	
29	2	2	3	18	4	3	1	0	1	2	1	0	3	0	2	2	6	1	0	38	1	9	1	0	0	1	1	
46	27	20	56	110	14	31	21	6	31	52	6	8	9	7	4	1	12	5	1	377	3	0	67	0	9	4	16	
25	2	1	6	15	12	7	0	1	3	1	2	1	2	1	20	0	11	1	0	43	4	1	0	13	0	2	2	
6	7	7	14	16	5	9	4	4	15	7	3	7	0	2	17	7	1	1	2	47	1	0	10	0	88	27	0	
20	8	27	60	39	23	9	14	7	72	38	11	8	1	12	6	8	4	5	8	179	3	0	8	0	49	141	3	
46	22	26	36	37	4	29	32	1	19	19	5	4	25	3	8	0	14	6	0	193	5	0	14	1	0	6	125	

### Metrics:
              precision    recall  f1-score   support

           0       0.40      0.53      0.46      2101
           1       0.42      0.55      0.47      1235
           2       0.23      0.31      0.26      1029
           3       0.16      0.19      0.17      1732
           4       0.20      0.23      0.21      2280
           5       0.19      0.21      0.20       688
           6       0.20      0.23      0.22       951
           7       0.31      0.29      0.30      1205
           8       0.26      0.24      0.25       424
           9       0.15      0.15      0.15       909
          10       0.22      0.20      0.21      1506
          11       0.28      0.20      0.23       611
          12       0.21      0.16      0.18       276
          13       0.23      0.17      0.20       581
          14       0.38      0.31      0.34       341
          15       0.73      0.73      0.73      1402
          16       0.06      0.03      0.04        71
          17       0.34      0.24      0.28       877
          18       0.56      0.54      0.55       981
          19       0.18      0.12      0.14       156
          20       0.49      0.52      0.51     11107
          21       0.37      0.22      0.27       901
          22       0.19      0.07      0.10       131
          23       0.16      0.07      0.10       943
          24       0.24      0.07      0.11       176
          25       0.39      0.29      0.33       307
          26       0.33      0.18      0.24       763
          27       0.30      0.18      0.23       680

    accuracy                           0.37     34364
   macro avg       0.29      0.26      0.27     34364
weighted avg       0.37      0.37      0.37     34364
## Sentiments:
### Confusion Matrix:
1756	628	933	474	
774	4547	1591	751	
1540	2399	5374	1726	
808	1334	2543	7186	

### Metrics:
              precision    recall  f1-score   support

           0       0.36      0.46      0.41      3791
           1       0.51      0.59      0.55      7663
           2       0.51      0.49      0.50     11039
           3       0.71      0.61      0.65     11871

    accuracy                           0.55     34364
   macro avg       0.52      0.54      0.53     34364
weighted avg       0.56      0.55      0.55     34364
