
# Embedded Base Multi-Layered Perceptron
## Emotions:
### Confusion Matrix:
748	17	4	1	19	4	0	10	0	0	5	4	0	9	0	88	0	8	63	0	1079	17	0	0	0	0	2	4	
60	267	6	8	2	0	2	17	1	1	4	1	0	3	1	15	0	17	14	0	781	2	0	0	0	1	8	0	
6	8	127	34	1	1	2	20	1	0	9	5	1	0	0	7	0	0	3	0	782	1	0	0	0	0	5	0	
24	21	71	29	3	2	2	21	0	1	17	7	1	0	2	13	0	0	7	0	1404	0	0	0	0	0	15	1	
125	18	11	6	48	3	1	9	2	1	16	3	0	0	3	39	0	6	26	1	1875	9	0	0	0	0	10	2	
12	0	3	1	1	28	0	3	1	1	1	0	0	0	0	33	0	6	8	0	616	17	0	0	0	5	8	0	
9	12	5	3	6	0	10	165	1	0	11	1	0	0	0	6	0	0	2	0	766	2	0	0	0	0	2	3	
13	4	7	3	2	1	2	315	1	0	1	0	0	2	0	9	0	2	6	0	796	0	0	0	0	0	2	2	
11	2	1	0	3	0	0	5	30	0	3	0	0	0	1	12	0	3	2	0	349	14	0	0	0	0	0	0	
17	6	12	8	1	2	1	6	1	9	9	10	0	0	5	7	0	2	8	0	820	2	0	0	0	3	21	3	
27	18	16	13	6	1	1	13	0	0	41	8	1	0	4	5	0	4	7	0	1327	2	0	0	0	0	6	1	
9	7	22	5	2	0	0	4	0	0	5	57	1	0	0	4	0	0	2	0	445	1	0	0	0	0	7	0	
7	6	5	4	1	0	0	2	1	0	1	3	3	0	1	1	0	0	4	0	263	0	0	0	0	1	1	3	
61	7	2	1	2	1	1	10	1	0	1	0	0	29	0	22	0	5	11	0	456	9	0	0	0	0	1	2	
4	4	1	1	1	1	4	5	0	0	1	12	0	0	31	2	0	0	1	0	316	0	0	0	0	0	3	0	
84	5	2	0	7	6	0	9	2	0	2	1	0	6	1	659	0	14	14	0	631	15	0	0	0	3	6	0	
0	0	1	0	0	0	0	1	0	0	0	0	0	0	1	0	5	0	1	0	60	0	0	0	0	0	9	0	
85	43	1	3	5	3	0	2	4	0	1	0	0	12	0	46	0	65	40	0	569	10	0	0	0	0	5	0	
62	3	5	4	0	3	0	5	1	0	1	2	0	1	0	17	0	6	388	0	497	0	0	0	0	0	2	0	
0	0	1	2	0	0	0	1	0	1	2	1	0	0	1	1	0	0	1	4	132	0	0	0	0	0	6	0	
264	117	80	31	33	25	10	294	10	5	62	35	2	13	12	131	1	18	93	1	9694	32	1	1	0	1	40	13	
35	5	2	4	4	17	0	1	8	0	2	0	0	3	5	34	0	3	7	0	681	84	0	0	0	0	9	3	
12	1	1	1	1	0	0	2	1	1	0	0	0	0	0	6	0	0	2	0	109	0	2	0	0	1	2	0	
19	8	5	5	5	0	1	8	1	0	11	2	1	0	3	7	1	1	7	1	893	2	0	1	0	0	2	3	
9	1	0	0	2	2	0	1	0	0	0	0	0	0	1	9	0	1	0	0	114	0	0	0	0	0	3	0	
7	2	3	0	0	2	0	4	1	0	3	0	0	0	0	13	0	0	2	0	226	2	0	1	0	30	11	0	
8	2	9	4	1	2	1	3	1	0	4	5	0	0	3	10	2	2	10	0	580	4	0	0	0	10	78	3	
33	7	9	1	1	0	3	24	1	0	3	4	0	3	5	9	0	1	3	0	545	1	0	0	0	0	6	15	

### Metrics:
              precision    recall  f1-score   support

           0       0.43      0.36      0.39      2082
           1       0.45      0.22      0.30      1211
           2       0.31      0.13      0.18      1013
           3       0.17      0.02      0.03      1641
           4       0.31      0.02      0.04      2214
           5       0.27      0.04      0.07       744
           6       0.24      0.01      0.02      1004
           7       0.33      0.27      0.30      1168
           8       0.43      0.07      0.12       436
           9       0.45      0.01      0.02       953
          10       0.19      0.03      0.05      1501
          11       0.35      0.10      0.16       571
          12       0.30      0.01      0.02       307
          13       0.36      0.05      0.08       622
          14       0.39      0.08      0.13       387
          15       0.55      0.45      0.49      1467
          16       0.56      0.06      0.11        78
          17       0.40      0.07      0.12       894
          18       0.53      0.39      0.45       997
          19       0.57      0.03      0.05       153
          20       0.36      0.88      0.51     11019
          21       0.37      0.09      0.15       907
          22       0.67      0.01      0.03       142
          23       0.33      0.00      0.00       987
          24       0.00      0.00      0.00       143
          25       0.55      0.10      0.17       307
          26       0.29      0.11      0.15       742
          27       0.26      0.02      0.04       674

    accuracy                           0.37     34364
   macro avg       0.37      0.13      0.15     34364
weighted avg       0.36      0.37      0.28     34364
## Sentiments:
### Confusion Matrix:
889	460	1465	918	
250	2968	2665	1846	
631	1558	5390	3500	
222	931	2864	7807	

### Metrics:
              precision    recall  f1-score   support

           0       0.45      0.24      0.31      3732
           1       0.50      0.38      0.43      7729
           2       0.44      0.49      0.46     11079
           3       0.55      0.66      0.60     11824

    accuracy                           0.50     34364
   macro avg       0.48      0.44      0.45     34364
weighted avg       0.49      0.50      0.49     34364
