
# Base Multinomial Naive Bayes
## Emotions:
### Confusion Matrix:
273	5	2	4	15	2	1	2	0	0	0	0	0	0	0	14	0	3	7	0	229	2	0	1	0	0	1	3	
12	108	1	3	2	0	0	0	0	0	1	0	0	0	0	3	0	9	5	0	183	1	0	0	0	0	0	0	
8	3	37	19	2	0	1	0	0	2	3	2	0	1	0	2	0	0	0	0	171	1	0	0	0	0	0	2	
9	6	15	32	9	0	3	3	0	7	9	3	0	0	0	2	0	0	2	0	312	4	0	0	0	1	7	3	
27	4	1	6	56	4	2	2	0	0	10	1	0	1	0	6	0	0	7	0	417	2	0	2	0	0	1	1	
3	0	0	1	3	11	0	0	0	0	3	0	0	0	0	1	0	0	1	0	140	3	0	0	0	0	1	0	
3	4	0	1	5	0	19	10	1	0	4	0	0	0	1	1	0	0	0	0	194	0	0	2	0	0	0	0	
6	2	1	3	4	3	9	29	0	0	2	0	0	0	0	1	0	0	0	0	236	2	0	0	0	0	0	0	
3	1	0	0	6	1	0	1	2	0	0	0	0	1	0	1	0	1	0	0	70	5	0	0	0	0	0	1	
8	0	2	11	4	2	0	1	0	7	4	2	0	0	0	2	0	0	3	0	186	0	0	1	0	0	3	1	
2	5	3	6	14	1	5	1	0	2	45	2	0	2	0	1	0	1	2	0	309	1	0	0	0	0	1	0	
5	1	9	13	1	0	0	0	0	2	4	10	0	0	1	0	0	0	0	0	101	2	0	2	0	0	1	0	
3	1	0	1	0	0	1	0	0	1	1	1	2	0	0	0	0	0	0	0	47	0	0	0	0	0	0	0	
23	2	0	1	6	0	0	1	0	0	1	0	0	7	0	4	0	13	4	0	80	1	0	1	0	0	2	5	
1	0	0	1	3	0	0	0	0	2	1	1	0	1	2	0	0	0	1	0	79	1	0	0	0	0	1	1	
23	0	0	0	1	0	0	0	0	0	1	0	0	0	0	237	0	4	0	0	46	3	0	0	0	0	0	0	
0	0	0	0	0	0	0	0	0	0	0	0	0	0	1	1	0	0	0	0	11	0	0	0	0	0	3	0	
22	16	0	1	6	0	0	0	0	1	0	0	0	0	0	7	0	42	3	0	120	2	0	0	0	0	0	2	
20	0	0	1	3	0	0	1	0	0	0	0	0	0	0	0	0	1	104	0	130	0	0	0	0	0	0	0	
0	0	0	1	1	0	0	0	0	0	0	0	0	0	1	0	0	0	0	0	39	0	0	0	0	0	0	0	
93	24	26	31	75	16	26	29	1	17	56	2	0	7	0	22	0	6	18	0	2248	25	0	12	0	1	8	8	
8	0	2	1	8	3	0	0	0	0	1	0	0	0	0	7	0	2	0	0	155	43	0	0	0	0	0	0	
3	1	0	0	0	0	0	0	0	0	1	0	0	0	0	1	0	0	0	0	24	1	0	0	0	0	0	0	
8	3	0	2	2	0	1	3	0	1	2	0	0	0	0	0	0	1	1	0	184	1	0	13	0	0	1	2	
1	0	1	0	2	0	0	0	0	0	0	0	0	0	0	4	0	1	0	0	26	0	0	0	0	0	0	0	
1	0	0	2	1	0	0	0	0	0	1	0	0	0	0	3	0	0	0	0	54	0	0	1	0	5	3	0	
2	2	0	6	1	0	0	0	0	2	1	0	0	0	1	5	0	0	0	0	149	0	0	0	0	2	26	0	
11	1	2	1	3	1	1	4	0	1	2	0	0	0	0	2	0	1	0	0	124	0	0	1	0	0	1	18	

### Metrics:
              precision    recall  f1-score   support

           0       0.47      0.48      0.48       564
           1       0.57      0.33      0.42       328
           2       0.36      0.15      0.21       254
           3       0.22      0.07      0.11       427
           4       0.24      0.10      0.14       550
           5       0.25      0.07      0.10       167
           6       0.28      0.08      0.12       245
           7       0.33      0.10      0.15       298
           8       0.50      0.02      0.04        93
           9       0.16      0.03      0.05       237
          10       0.29      0.11      0.16       403
          11       0.42      0.07      0.11       152
          12       1.00      0.03      0.07        58
          13       0.35      0.05      0.08       151
          14       0.29      0.02      0.04        95
          15       0.72      0.75      0.74       315
          16       0.00      0.00      0.00        16
          17       0.49      0.19      0.27       222
          18       0.66      0.40      0.50       260
          19       0.00      0.00      0.00        42
          20       0.37      0.82      0.51      2751
          21       0.43      0.19      0.26       230
          22       0.00      0.00      0.00        31
          23       0.36      0.06      0.10       225
          24       0.00      0.00      0.00        35
          25       0.56      0.07      0.12        71
          26       0.43      0.13      0.20       197
          27       0.38      0.10      0.16       174

    accuracy                           0.39      8591
   macro avg       0.36      0.16      0.18      8591
weighted avg       0.38      0.39      0.32      8591
## Sentiments:
### Confusion Matrix:
262	153	326	191	
100	1011	507	294	
192	471	1348	739	
88	227	582	2100	

### Metrics:
              precision    recall  f1-score   support

           0       0.41      0.28      0.33       932
           1       0.54      0.53      0.54      1912
           2       0.49      0.49      0.49      2750
           3       0.63      0.70      0.66      2997

    accuracy                           0.55      8591
   macro avg       0.52      0.50      0.51      8591
weighted avg       0.54      0.55      0.54      8591

# Base Decision Tree
## Emotions:
### Confusion Matrix:
350	10	3	12	34	4	0	3	2	8	6	0	0	10	1	19	1	10	13	0	57	5	6	1	2	1	2	4	
10	199	6	18	4	2	3	1	3	3	6	3	1	1	2	3	0	14	5	0	35	1	0	2	1	1	2	2	
13	5	97	36	10	1	1	4	2	9	9	5	0	1	2	0	2	0	0	0	52	2	0	0	0	0	2	1	
14	20	62	91	31	2	15	11	2	22	19	13	6	4	3	4	0	2	4	2	88	2	0	2	1	1	5	1	
51	16	9	42	145	23	6	7	11	10	13	8	3	6	1	3	0	11	13	2	156	5	1	5	1	0	0	2	
13	3	6	9	14	44	5	0	3	4	5	0	0	1	1	1	1	1	3	3	42	4	0	0	1	0	3	0	
5	9	8	18	14	2	79	30	2	4	7	3	1	0	1	0	0	0	1	3	57	0	0	0	0	0	0	1	
6	6	11	16	10	7	70	81	2	2	3	1	1	6	0	0	0	1	2	0	68	2	0	0	0	0	1	2	
7	1	2	4	10	2	3	2	25	0	3	1	0	3	0	0	0	3	0	2	20	4	0	1	0	0	0	0	
10	6	10	31	10	6	4	2	2	49	18	6	2	0	2	1	0	1	1	2	55	0	0	3	1	2	11	2	
9	12	26	37	28	7	12	5	1	19	107	9	5	4	2	1	0	0	2	1	101	3	0	4	1	1	5	1	
7	6	20	26	6	2	0	2	0	8	6	33	0	0	1	0	1	0	0	0	30	0	0	2	0	1	1	0	
1	0	2	8	3	1	3	2	1	4	4	4	14	0	0	0	0	0	0	0	7	0	0	1	0	2	0	1	
22	9	3	6	12	1	7	5	2	3	1	0	0	26	0	3	0	8	7	0	28	2	0	0	0	0	1	5	
2	1	6	10	1	2	0	0	1	7	2	3	1	1	35	0	1	0	1	3	12	2	0	1	0	0	2	1	
25	2	2	5	4	3	0	1	0	2	2	0	0	0	0	244	0	6	1	0	10	3	0	0	1	3	0	1	
0	0	1	1	1	0	0	2	0	1	0	0	0	0	1	0	2	0	0	0	4	0	0	0	0	1	2	0	
22	32	0	3	20	4	0	1	4	4	1	0	0	17	0	4	0	59	8	0	32	7	0	1	1	1	0	1	
36	3	0	5	16	4	2	1	5	0	4	0	2	7	0	0	1	11	134	0	25	2	1	0	0	0	0	1	
1	1	2	2	5	2	1	0	2	1	2	0	1	1	3	0	0	0	0	6	9	0	0	0	0	0	2	1	
153	83	107	187	267	77	107	97	32	79	133	28	13	36	18	18	5	30	41	10	1123	32	0	31	6	5	19	14	
16	3	3	17	24	11	4	3	12	6	4	1	1	2	1	8	0	2	2	0	59	47	2	2	0	0	0	0	
4	2	3	1	2	1	0	0	0	1	1	0	0	0	0	1	1	3	0	0	6	3	2	0	0	0	0	0	
14	8	5	15	20	7	9	5	1	11	11	2	1	3	3	1	0	2	0	0	75	5	0	21	0	0	3	3	
3	2	2	1	7	1	0	0	2	1	0	1	0	1	0	2	0	2	0	0	7	1	0	0	2	0	0	0	
0	0	0	4	4	1	3	1	2	5	4	0	5	0	0	4	1	0	0	1	8	0	0	2	0	21	5	0	
4	6	7	19	14	7	1	1	1	17	11	2	0	2	3	2	2	0	0	1	42	0	0	2	0	10	43	0	
12	7	8	10	9	0	10	10	0	7	6	0	0	7	0	1	0	2	1	0	34	3	0	5	0	1	1	40	

### Metrics:
              precision    recall  f1-score   support

           0       0.43      0.62      0.51       564
           1       0.44      0.61      0.51       328
           2       0.24      0.38      0.29       254
           3       0.14      0.21      0.17       427
           4       0.20      0.26      0.23       550
           5       0.20      0.26      0.23       167
           6       0.23      0.32      0.27       245
           7       0.29      0.27      0.28       298
           8       0.21      0.27      0.23        93
           9       0.17      0.21      0.19       237
          10       0.28      0.27      0.27       403
          11       0.27      0.22      0.24       152
          12       0.25      0.24      0.24        58
          13       0.19      0.17      0.18       151
          14       0.44      0.37      0.40        95
          15       0.76      0.77      0.77       315
          16       0.11      0.12      0.12        16
          17       0.35      0.27      0.30       222
          18       0.56      0.52      0.54       260
          19       0.17      0.14      0.15        42
          20       0.50      0.41      0.45      2751
          21       0.35      0.20      0.26       230
          22       0.17      0.06      0.09        31
          23       0.24      0.09      0.14       225
          24       0.11      0.06      0.08        35
          25       0.41      0.30      0.34        71
          26       0.39      0.22      0.28       197
          27       0.48      0.23      0.31       174

    accuracy                           0.36      8591
   macro avg       0.31      0.29      0.29      8591
weighted avg       0.38      0.36      0.36      8591
## Sentiments:
### Confusion Matrix:
446	168	216	102	
208	1159	362	183	
416	626	1318	390	
218	322	657	1800	

### Metrics:
              precision    recall  f1-score   support

           0       0.35      0.48      0.40       932
           1       0.51      0.61      0.55      1912
           2       0.52      0.48      0.50      2750
           3       0.73      0.60      0.66      2997

    accuracy                           0.55      8591
   macro avg       0.52      0.54      0.53      8591
weighted avg       0.57      0.55      0.56      8591

# Base Multi-Layered Perceptron
## Emotions:
### Confusion Matrix:
280	9	3	2	11	3	1	2	4	1	0	1	0	2	0	16	0	9	21	0	181	3	0	0	0	2	2	11	
11	211	0	3	1	0	1	0	3	0	1	0	0	0	0	4	0	11	4	0	72	0	0	1	0	2	1	2	
3	4	65	12	3	0	1	0	0	0	3	9	0	0	1	2	0	1	0	0	140	3	0	0	0	1	0	6	
4	14	26	17	6	3	2	3	1	4	1	6	2	0	1	2	0	4	5	0	309	1	0	1	0	3	3	9	
28	11	2	3	53	5	2	3	4	2	6	2	0	0	1	7	0	4	14	0	389	6	0	1	0	2	2	3	
8	0	2	4	3	12	0	0	2	0	0	0	0	0	0	1	0	1	3	0	120	5	0	0	0	2	3	1	
1	7	3	0	4	0	27	12	0	1	2	0	0	0	1	2	0	2	2	0	177	1	0	1	0	0	1	1	
4	5	3	1	0	1	7	34	0	0	0	0	0	3	1	0	0	4	4	0	221	2	0	0	0	0	0	8	
2	1	0	0	1	0	0	1	19	0	0	0	0	0	0	0	0	1	2	0	60	5	0	0	0	0	0	1	
7	2	3	5	2	1	1	1	5	5	0	4	0	0	1	1	0	1	5	0	176	0	0	0	0	3	13	1	
3	9	12	5	10	0	3	3	1	1	20	4	0	1	1	2	0	1	4	0	311	3	0	1	0	3	3	2	
1	0	10	8	1	0	0	0	0	1	1	28	0	1	2	0	0	1	0	0	94	1	0	0	0	0	1	2	
1	1	0	1	0	1	0	1	0	0	0	3	6	0	0	0	0	0	1	0	40	0	0	1	0	0	2	0	
18	4	0	1	1	0	0	0	1	0	0	0	0	13	0	4	0	17	7	0	75	1	0	0	0	0	0	9	
0	2	1	3	1	1	0	0	0	2	2	0	0	0	24	0	0	0	1	0	54	3	0	0	0	0	0	1	
17	2	0	1	1	0	0	1	2	0	1	0	0	0	0	255	0	10	0	0	17	4	0	0	0	4	0	0	
0	0	0	0	0	0	0	0	0	0	1	0	0	0	0	0	0	0	0	0	11	0	0	0	0	1	3	0	
15	31	1	0	2	0	0	0	1	1	0	0	0	0	0	5	0	70	13	0	79	1	0	0	0	0	0	3	
10	0	1	0	1	0	0	0	0	0	0	1	0	0	0	0	0	1	190	0	54	1	0	0	0	1	0	0	
0	1	0	0	1	2	0	0	0	0	0	0	0	0	1	0	0	0	0	1	35	0	0	0	0	1	0	0	
69	65	27	12	37	18	14	30	9	7	24	12	2	5	7	14	0	16	42	0	2258	29	0	3	0	12	21	18	
6	2	0	1	8	3	0	0	9	0	0	0	0	0	0	9	0	4	1	0	126	60	0	1	0	0	0	0	
3	2	1	1	0	0	0	0	0	0	1	0	0	0	0	1	0	2	1	0	18	1	0	0	0	0	0	0	
7	5	1	2	3	0	0	2	0	1	1	0	0	1	3	0	0	2	2	0	168	2	0	12	0	2	2	9	
1	1	2	0	1	1	0	1	1	0	0	0	0	0	0	5	0	2	0	0	20	0	0	0	0	0	0	0	
0	0	1	0	1	0	0	0	2	0	0	0	1	0	0	0	0	0	0	0	24	0	0	0	0	38	4	0	
3	4	0	2	1	1	0	0	1	3	2	1	0	0	0	0	0	2	1	0	102	1	0	0	0	17	56	0	
11	3	0	0	2	0	1	2	0	0	1	0	0	3	1	2	0	2	1	0	94	0	0	0	0	0	0	51	

### Metrics:
              precision    recall  f1-score   support

           0       0.55      0.50      0.52       564
           1       0.53      0.64      0.58       328
           2       0.40      0.26      0.31       254
           3       0.20      0.04      0.07       427
           4       0.34      0.10      0.15       550
           5       0.23      0.07      0.11       167
           6       0.45      0.11      0.18       245
           7       0.35      0.11      0.17       298
           8       0.29      0.20      0.24        93
           9       0.17      0.02      0.04       237
          10       0.30      0.05      0.09       403
          11       0.39      0.18      0.25       152
          12       0.55      0.10      0.17        58
          13       0.45      0.09      0.14       151
          14       0.53      0.25      0.34        95
          15       0.77      0.81      0.79       315
          16       0.00      0.00      0.00        16
          17       0.42      0.32      0.36       222
          18       0.59      0.73      0.65       260
          19       1.00      0.02      0.05        42
          20       0.42      0.82      0.55      2751
          21       0.45      0.26      0.33       230
          22       0.00      0.00      0.00        31
          23       0.55      0.05      0.10       225
          24       0.00      0.00      0.00        35
          25       0.40      0.54      0.46        71
          26       0.48      0.28      0.36       197
          27       0.37      0.29      0.33       174

    accuracy                           0.44      8591
   macro avg       0.40      0.24      0.26      8591
weighted avg       0.42      0.44      0.38      8591
## Sentiments:
### Confusion Matrix:
298	143	339	152	
93	1094	491	234	
222	464	1479	585	
93	222	600	2082	

### Metrics:
              precision    recall  f1-score   support

           0       0.42      0.32      0.36       932
           1       0.57      0.57      0.57      1912
           2       0.51      0.54      0.52      2750
           3       0.68      0.69      0.69      2997

    accuracy                           0.58      8591
   macro avg       0.55      0.53      0.54      8591
weighted avg       0.57      0.58      0.57      8591

# Top Multinomial Naive Bayes
## Emotions:
### Parameters:
{'alpha': 0.5}
### Confusion Matrix:
310	8	2	7	15	8	1	4	0	4	2	0	0	2	0	18	0	4	12	0	151	4	0	1	0	1	2	8	
13	163	3	4	2	1	2	1	1	0	1	1	0	0	0	2	0	15	7	0	109	2	0	1	0	0	0	0	
6	3	61	22	4	2	1	2	0	3	6	8	0	1	2	2	0	1	1	0	114	4	0	1	0	0	3	7	
7	11	27	48	14	2	5	5	1	9	12	7	3	1	1	3	0	0	3	0	245	4	0	5	0	1	6	7	
32	9	4	9	76	11	8	5	3	3	17	4	0	2	0	10	0	1	11	0	330	7	0	3	0	2	1	2	
3	0	0	3	3	29	1	0	1	0	7	0	0	0	0	2	0	2	3	0	102	8	0	0	1	1	1	0	
4	5	3	2	5	2	40	17	1	2	3	0	0	0	2	2	0	0	1	0	151	0	1	2	0	0	0	2	
7	2	4	8	6	3	13	47	1	0	4	0	1	3	0	1	0	3	2	0	186	3	0	2	0	0	0	2	
4	1	0	0	3	3	2	1	12	0	1	0	0	1	1	0	0	1	1	0	55	6	0	0	0	0	0	1	
9	1	3	12	7	3	2	3	1	15	12	6	0	0	0	1	0	0	6	0	141	1	0	3	1	1	7	2	
6	6	8	9	22	2	9	3	0	5	67	7	0	2	0	1	0	1	3	0	242	3	0	3	0	0	3	1	
5	2	14	15	1	1	0	1	0	3	5	23	0	1	2	0	0	0	0	0	72	2	0	4	0	0	0	1	
4	0	0	4	0	1	1	2	0	2	2	1	4	0	0	0	0	0	0	0	35	0	0	2	0	0	0	0	
25	4	0	5	5	0	0	1	0	1	1	0	0	13	0	6	0	13	7	0	58	1	0	1	0	0	2	8	
1	0	2	5	2	1	2	0	0	2	2	1	0	1	12	0	0	1	1	0	54	2	0	0	0	0	2	4	
24	0	0	0	1	0	0	1	0	0	2	0	0	0	0	250	0	5	0	0	27	4	0	0	0	1	0	0	
0	0	1	0	0	0	0	0	0	0	1	0	0	0	1	0	0	0	0	0	8	0	0	0	0	1	4	0	
19	26	0	0	5	1	0	1	2	2	1	1	0	4	1	10	0	53	7	0	80	5	0	0	0	0	1	3	
21	1	0	2	5	0	0	1	0	0	0	0	0	0	0	1	0	7	143	0	77	0	0	2	0	0	0	0	
0	1	0	3	1	2	0	0	0	1	0	0	0	1	1	0	0	0	0	0	31	0	0	0	0	0	1	0	
111	49	42	60	99	46	47	44	6	31	84	13	3	17	7	32	0	16	34	0	1891	42	2	27	2	3	21	22	
5	2	2	4	10	7	0	0	3	0	2	0	0	0	0	8	0	3	1	0	125	55	1	2	0	0	0	0	
3	2	1	1	1	0	0	0	0	0	1	0	0	0	0	1	0	1	0	0	19	1	0	0	0	0	0	0	
11	3	2	6	5	3	1	3	0	4	5	1	0	1	1	0	0	1	1	0	141	3	0	27	0	0	3	3	
1	1	1	1	3	0	0	1	1	1	0	0	0	0	0	4	0	2	0	0	16	1	0	0	0	1	1	0	
0	0	0	1	6	2	1	0	1	0	0	1	1	0	0	3	0	0	0	0	34	0	0	0	0	15	6	0	
4	4	0	7	3	1	0	1	0	6	3	0	0	0	2	5	0	0	1	0	112	1	0	2	0	5	40	0	
15	2	3	1	3	1	0	4	0	1	5	0	0	1	0	1	0	2	0	0	92	0	0	1	0	0	1	41	

### Metrics:
              precision    recall  f1-score   support

           0       0.48      0.55      0.51       564
           1       0.53      0.50      0.51       328
           2       0.33      0.24      0.28       254
           3       0.20      0.11      0.14       427
           4       0.25      0.14      0.18       550
           5       0.22      0.17      0.19       167
           6       0.29      0.16      0.21       245
           7       0.32      0.16      0.21       298
           8       0.35      0.13      0.19        93
           9       0.16      0.06      0.09       237
          10       0.27      0.17      0.21       403
          11       0.31      0.15      0.20       152
          12       0.33      0.07      0.11        58
          13       0.25      0.09      0.13       151
          14       0.36      0.13      0.19        95
          15       0.69      0.79      0.74       315
          16       0.00      0.00      0.00        16
          17       0.40      0.24      0.30       222
          18       0.58      0.55      0.57       260
          19       0.00      0.00      0.00        42
          20       0.40      0.69      0.51      2751
          21       0.35      0.24      0.28       230
          22       0.00      0.00      0.00        31
          23       0.30      0.12      0.17       225
          24       0.00      0.00      0.00        35
          25       0.47      0.21      0.29        71
          26       0.38      0.20      0.26       197
          27       0.36      0.24      0.28       174

    accuracy                           0.40      8591
   macro avg       0.31      0.22      0.24      8591
weighted avg       0.37      0.40      0.36      8591
## Sentiments:
### Parameters:
{'alpha': 1}
### Confusion Matrix:
262	153	326	191	
100	1011	507	294	
192	471	1348	739	
88	227	582	2100	

### Metrics:
              precision    recall  f1-score   support

           0       0.41      0.28      0.33       932
           1       0.54      0.53      0.54      1912
           2       0.49      0.49      0.49      2750
           3       0.63      0.70      0.66      2997

    accuracy                           0.55      8591
   macro avg       0.52      0.50      0.51      8591
weighted avg       0.54      0.55      0.54      8591
