
# Base Multinomial Naive Bayes
## Emotions:
### Confusion Matrix:
1667	24	3	14	71	2	0	12	0	2	8	1	0	3	0	78	0	23	53	0	2196	11	0	1	0	0	1	9	
77	553	2	21	26	0	0	10	0	1	15	1	0	4	0	18	0	19	13	0	1731	5	0	2	0	1	0	6	
20	9	210	113	17	1	1	8	0	6	19	5	0	4	0	7	0	2	3	0	1618	4	0	2	0	0	5	3	
41	18	62	161	46	1	5	12	0	12	54	12	0	3	2	19	0	3	6	0	2806	4	0	10	0	1	9	10	
195	21	6	38	336	9	14	11	2	3	46	0	0	1	3	18	0	6	17	0	3696	22	0	12	0	0	5	2	
20	1	0	7	27	62	4	3	0	0	9	0	0	0	0	28	0	7	9	0	1249	26	0	1	0	2	2	1	
15	10	2	18	26	0	72	33	0	1	18	1	0	0	0	5	0	5	0	0	1767	3	0	9	0	0	1	1	
34	6	6	9	29	2	27	149	0	2	11	0	0	1	0	9	0	3	5	0	2086	2	0	2	0	2	2	9	
19	5	0	4	18	2	1	4	14	2	3	1	0	1	0	3	0	4	6	0	757	24	0	0	0	0	0	0	
33	4	5	38	25	0	4	0	0	47	19	3	0	3	0	5	0	2	3	1	1642	6	0	6	0	1	11	6	
35	21	20	57	67	3	11	3	0	7	183	2	0	1	1	9	0	2	1	0	2575	4	0	7	0	1	6	4	
21	1	35	60	21	0	0	4	0	7	19	63	0	0	0	3	0	0	1	0	949	2	0	2	0	1	4	3	
5	3	5	22	9	1	1	2	0	3	6	1	1	0	0	4	0	0	0	0	543	1	1	3	0	0	2	3	
124	12	14	9	24	0	0	9	0	1	2	0	0	24	1	13	0	58	8	0	915	2	0	2	0	0	0	15	
15	6	3	6	12	1	2	3	0	2	7	3	0	1	17	0	0	2	0	0	630	2	0	1	0	0	5	2	
126	11	1	2	26	10	0	6	0	1	4	0	0	3	0	1788	0	24	5	0	877	19	0	3	0	4	3	0	
4	0	0	1	0	0	0	0	0	0	0	0	0	1	0	5	0	0	0	0	130	0	0	2	0	0	1	0	
135	79	2	14	35	2	0	1	0	2	1	0	0	6	0	41	0	164	52	0	1169	4	0	5	0	0	0	2	
139	4	0	2	28	0	1	4	0	0	2	0	0	0	0	12	0	14	576	0	1174	1	0	1	0	0	1	1	
3	1	0	2	8	2	0	0	0	5	3	0	0	1	0	2	0	0	0	1	279	2	0	2	0	0	2	2	
533	161	143	247	467	48	58	125	11	59	257	21	3	45	11	121	0	70	110	0	19296	93	1	65	0	5	31	40	
75	1	0	8	37	16	3	0	2	2	6	1	0	1	0	11	0	3	3	0	1446	175	0	1	0	0	0	1	
33	0	0	2	9	1	0	1	0	1	3	0	0	2	0	5	0	1	1	0	206	0	0	1	0	0	0	0	
34	10	4	25	34	0	6	7	0	3	26	0	0	3	1	6	0	5	3	0	1648	4	0	35	0	0	1	9	
16	0	2	0	5	4	1	0	0	1	0	0	0	0	0	23	0	4	0	0	283	1	0	1	0	0	1	0	
1	1	0	3	6	3	0	0	0	4	2	0	0	0	0	28	0	0	3	0	517	1	1	4	0	13	30	0	
13	9	2	20	12	2	1	1	0	18	16	1	1	1	0	13	0	3	0	0	1306	7	0	5	0	11	84	2	
77	6	13	17	16	1	7	14	1	5	9	0	0	3	1	8	0	6	2	0	1129	2	0	5	0	0	2	69	

### Metrics:
              precision    recall  f1-score   support

           0       0.47      0.40      0.43      4179
           1       0.57      0.22      0.32      2505
           2       0.39      0.10      0.16      2057
           3       0.17      0.05      0.08      3297
           4       0.23      0.08      0.11      4463
           5       0.36      0.04      0.08      1458
           6       0.33      0.04      0.07      1987
           7       0.35      0.06      0.11      2396
           8       0.47      0.02      0.03       868
           9       0.24      0.03      0.05      1864
          10       0.24      0.06      0.10      3020
          11       0.54      0.05      0.10      1196
          12       0.20      0.00      0.00       616
          13       0.21      0.02      0.04      1233
          14       0.46      0.02      0.04       720
          15       0.78      0.61      0.69      2913
          16       0.00      0.00      0.00       144
          17       0.38      0.10      0.15      1714
          18       0.65      0.29      0.41      1960
          19       0.50      0.00      0.01       315
          20       0.35      0.88      0.50     22021
          21       0.41      0.10      0.16      1792
          22       0.00      0.00      0.00       266
          23       0.18      0.02      0.03      1864
          24       0.00      0.00      0.00       342
          25       0.31      0.02      0.04       617
          26       0.40      0.05      0.10      1528
          27       0.34      0.05      0.09      1393

    accuracy                           0.37     68728
   macro avg       0.34      0.12      0.14     68728
weighted avg       0.37      0.37      0.28     68728
## Sentiments:
### Confusion Matrix:
1533	1209	3063	1766	
480	7905	4484	2665	
1108	3718	11147	6148	
525	1776	4643	16558	

### Metrics:
              precision    recall  f1-score   support

           0       0.42      0.20      0.27      7571
           1       0.54      0.51      0.52     15534
           2       0.48      0.50      0.49     22121
           3       0.61      0.70      0.65     23502

    accuracy                           0.54     68728
   macro avg       0.51      0.48      0.49     68728
weighted avg       0.53      0.54      0.53     68728

# Base Decision Tree
## Emotions:
### Confusion Matrix:
2160	86	33	95	252	48	28	53	32	31	30	17	2	111	9	139	1	110	159	2	624	46	18	30	7	3	8	45	
118	1278	36	81	93	23	37	32	18	31	41	21	13	39	6	19	3	128	23	2	395	11	1	18	3	4	4	27	
37	55	699	300	75	21	41	33	7	54	79	75	7	11	13	3	3	8	12	2	459	11	5	17	3	3	17	7	
102	116	386	677	239	52	101	70	20	146	214	85	42	27	21	23	6	22	20	11	765	25	0	48	6	12	44	17	
390	113	104	260	1030	102	93	63	62	88	177	29	24	76	25	42	4	84	77	8	1353	80	7	90	23	10	31	18	
74	28	44	84	148	368	23	19	13	32	40	7	10	11	8	29	2	31	29	12	348	48	1	8	11	10	15	5	
47	35	48	110	118	23	516	245	12	35	70	14	8	14	13	8	1	9	16	5	557	16	3	28	1	4	11	20	
82	31	60	127	114	22	310	759	21	25	40	9	7	44	8	8	3	14	12	2	626	12	5	7	1	10	5	32	
34	18	16	27	93	25	15	27	226	18	19	10	1	16	1	7	1	10	23	1	225	42	0	5	0	3	2	3	
50	41	90	208	142	44	40	23	18	290	139	47	13	5	23	7	11	16	16	13	448	14	5	30	3	17	86	25	
65	78	168	342	222	42	120	50	25	148	660	46	22	12	20	9	6	12	21	6	809	24	3	34	2	14	41	19	
31	22	173	172	59	6	22	16	4	52	64	245	21	5	29	3	2	4	4	4	219	6	0	9	1	3	16	4	
14	23	31	73	40	10	26	14	11	30	35	28	94	5	5	3	1	5	1	6	121	9	1	5	0	9	14	2	
160	50	26	44	88	14	24	48	26	20	22	3	5	239	2	30	1	48	21	4	266	23	3	17	1	0	3	45	
22	14	27	46	35	15	11	18	2	22	31	31	8	4	253	2	3	10	3	7	122	4	1	4	2	1	11	11	
212	24	16	33	72	42	15	18	10	9	21	3	3	28	2	2102	2	41	12	0	134	38	10	7	16	26	9	8	
14	1	11	10	10	1	3	2	2	5	4	2	2	0	3	3	8	0	1	1	33	1	1	5	0	5	15	1	
201	200	22	48	128	46	10	17	23	17	22	6	7	86	1	84	0	371	104	1	233	32	6	12	18	2	5	12	
272	28	8	27	99	27	12	15	21	19	20	7	8	31	3	24	2	98	968	2	223	16	1	16	4	1	2	6	
4	7	12	25	20	15	5	10	4	26	10	9	5	4	16	0	1	3	3	34	83	2	0	6	0	0	7	4	
1032	609	758	1306	2052	434	732	768	244	563	1009	235	124	283	128	170	39	338	266	58	9793	272	34	326	49	49	180	170	
125	36	25	72	186	89	23	21	89	44	54	12	7	25	12	42	4	28	24	2	408	413	5	22	6	5	4	9	
52	9	6	8	27	6	2	2	2	7	9	2	1	9	0	7	1	7	2	0	77	10	12	3	1	0	2	2	
71	60	45	143	191	29	62	45	18	66	114	19	23	20	15	7	2	26	19	6	639	32	2	148	7	13	16	26	
27	6	7	13	51	20	3	3	5	8	7	3	0	6	1	27	0	22	0	1	85	9	0	5	25	0	5	3	
6	8	12	27	25	26	13	4	4	40	25	1	9	3	2	35	7	2	4	6	94	5	1	21	1	171	62	3	
37	20	56	98	89	38	18	15	10	141	66	26	16	6	23	14	18	9	16	16	356	11	1	27	7	73	312	9	
100	30	53	81	77	8	55	87	8	48	41	13	10	67	13	6	3	18	3	5	319	12	0	33	4	3	6	290	

### Metrics:
              precision    recall  f1-score   support

           0       0.39      0.52      0.44      4179
           1       0.42      0.51      0.46      2505
           2       0.24      0.34      0.28      2057
           3       0.15      0.21      0.17      3297
           4       0.18      0.23      0.20      4463
           5       0.23      0.25      0.24      1458
           6       0.22      0.26      0.24      1987
           7       0.31      0.32      0.31      2396
           8       0.24      0.26      0.25       868
           9       0.14      0.16      0.15      1864
          10       0.22      0.22      0.22      3020
          11       0.24      0.20      0.22      1196
          12       0.19      0.15      0.17       616
          13       0.20      0.19      0.20      1233
          14       0.39      0.35      0.37       720
          15       0.74      0.72      0.73      2913
          16       0.06      0.06      0.06       144
          17       0.25      0.22      0.23      1714
          18       0.52      0.49      0.51      1960
          19       0.16      0.11      0.13       315
          20       0.49      0.44      0.47     22021
          21       0.34      0.23      0.27      1792
          22       0.10      0.05      0.06       266
          23       0.15      0.08      0.10      1864
          24       0.12      0.07      0.09       342
          25       0.38      0.28      0.32       617
          26       0.33      0.20      0.25      1528
          27       0.35      0.21      0.26      1393

    accuracy                           0.35     68728
   macro avg       0.28      0.26      0.26     68728
weighted avg       0.36      0.35      0.35     68728
## Sentiments:
### Confusion Matrix:
3271	1320	2037	943	
1633	8840	3454	1607	
2995	4916	10428	3782	
1660	2764	5342	13736	

### Metrics:
              precision    recall  f1-score   support

           0       0.34      0.43      0.38      7571
           1       0.50      0.57      0.53     15534
           2       0.49      0.47      0.48     22121
           3       0.68      0.58      0.63     23502

    accuracy                           0.53     68728
   macro avg       0.50      0.51      0.51     68728
weighted avg       0.54      0.53      0.53     68728

# Base Multi-Layered Perceptron
## Emotions:
### Confusion Matrix:
2179	55	16	12	59	14	1	18	8	7	12	11	3	34	5	83	0	72	158	0	1321	43	1	4	1	2	5	55	
84	1405	19	22	14	4	6	6	13	3	12	6	0	10	3	15	0	67	29	0	737	5	0	5	0	4	8	28	
22	28	558	127	17	6	8	14	1	10	29	53	3	2	10	4	0	10	13	0	1104	8	0	4	0	6	11	9	
53	72	206	204	56	18	18	27	5	28	98	74	14	8	20	31	0	12	27	0	2223	13	0	20	0	15	25	30	
273	60	30	43	381	37	26	16	10	17	81	15	7	17	10	32	0	45	78	1	3140	64	0	27	2	9	13	29	
43	18	11	16	18	163	5	4	7	5	30	1	1	2	8	23	0	30	26	3	932	67	0	4	1	22	15	3	
31	26	22	17	25	5	211	68	3	4	24	9	1	7	14	9	0	8	11	0	1443	8	0	13	0	8	5	15	
50	24	26	12	24	5	47	271	2	2	17	5	4	19	8	10	0	14	14	0	1765	7	0	4	0	11	6	49	
23	14	2	4	16	7	3	6	166	1	4	1	0	4	3	7	0	11	21	0	511	61	0	2	0	0	1	0	
36	24	47	41	28	7	15	10	11	112	48	30	4	4	21	9	0	4	11	2	1254	23	0	9	0	23	70	21	
51	59	76	56	71	10	35	12	7	19	282	35	3	1	11	17	0	12	23	0	2153	20	0	11	0	20	21	15	
9	8	119	54	11	2	3	6	1	12	25	243	6	0	30	4	0	0	5	0	630	5	0	2	0	2	12	7	
5	13	19	23	3	1	4	1	1	8	11	18	57	2	4	3	0	1	6	0	401	3	0	5	0	16	4	7	
135	26	16	6	17	1	2	14	4	3	4	1	0	155	2	21	0	69	32	2	646	9	0	1	0	0	2	65	
8	10	10	7	5	3	0	4	0	2	11	20	1	2	253	0	0	2	3	0	359	4	0	1	0	3	10	2	
177	16	3	3	13	18	4	0	1	2	7	2	0	11	4	2237	0	58	16	0	247	32	0	4	1	49	4	4	
9	0	2	0	1	2	1	0	1	1	2	0	0	0	1	2	0	1	0	0	101	0	0	2	0	7	10	1	
146	180	9	6	24	7	0	5	15	2	3	1	0	38	2	48	0	448	125	0	604	19	0	9	0	1	5	17	
131	17	9	1	15	1	2	4	0	0	6	0	1	4	2	16	0	36	1197	0	497	8	0	3	0	2	4	4	
0	1	5	3	4	4	2	2	0	10	6	5	2	2	11	0	0	0	4	6	238	4	0	1	0	1	2	2	
602	381	330	235	330	110	162	182	62	104	372	105	17	72	66	127	0	162	274	0	17688	208	0	99	0	60	127	146	
96	26	10	3	39	31	8	1	40	12	19	5	1	8	2	12	0	25	30	0	837	561	0	9	0	5	4	8	
41	5	2	2	6	2	0	1	1	3	2	0	1	4	1	5	0	9	3	0	164	4	3	4	0	0	0	3	
41	31	25	27	39	4	17	10	4	15	52	11	3	6	8	6	0	15	19	1	1365	20	0	84	0	17	9	35	
24	2	1	2	8	6	1	1	0	1	1	2	0	1	2	39	0	20	0	0	219	6	0	2	0	0	3	1	
3	4	4	4	2	5	1	1	2	7	4	2	1	0	1	11	0	2	2	0	226	2	0	6	0	287	36	4	
15	19	21	17	16	13	1	2	5	33	15	16	2	2	6	9	0	10	14	0	858	11	0	8	0	113	318	4	
67	9	25	13	16	2	14	27	2	4	13	8	0	24	8	6	0	4	8	0	746	7	0	7	0	1	5	377	

### Metrics:
              precision    recall  f1-score   support

           0       0.50      0.52      0.51      4179
           1       0.55      0.56      0.56      2505
           2       0.34      0.27      0.30      2057
           3       0.21      0.06      0.10      3297
           4       0.30      0.09      0.13      4463
           5       0.33      0.11      0.17      1458
           6       0.35      0.11      0.16      1987
           7       0.38      0.11      0.17      2396
           8       0.45      0.19      0.27       868
           9       0.26      0.06      0.10      1864
          10       0.24      0.09      0.13      3020
          11       0.36      0.20      0.26      1196
          12       0.43      0.09      0.15       616
          13       0.35      0.13      0.19      1233
          14       0.49      0.35      0.41       720
          15       0.80      0.77      0.79      2913
          16       0.00      0.00      0.00       144
          17       0.39      0.26      0.31      1714
          18       0.56      0.61      0.58      1960
          19       0.40      0.02      0.04       315
          20       0.42      0.80      0.55     22021
          21       0.46      0.31      0.37      1792
          22       0.75      0.01      0.02       266
          23       0.24      0.05      0.08      1864
          24       0.00      0.00      0.00       342
          25       0.42      0.47      0.44       617
          26       0.43      0.21      0.28      1528
          27       0.40      0.27      0.32      1393

    accuracy                           0.43     68728
   macro avg       0.39      0.24      0.26     68728
weighted avg       0.40      0.43      0.38     68728
## Sentiments:
### Confusion Matrix:
1598	1130	3567	1276	
423	8192	4936	1983	
957	3685	12843	4636	
458	1827	5244	15973	

### Metrics:
              precision    recall  f1-score   support

           0       0.47      0.21      0.29      7571
           1       0.55      0.53      0.54     15534
           2       0.48      0.58      0.53     22121
           3       0.67      0.68      0.67     23502

    accuracy                           0.56     68728
   macro avg       0.54      0.50      0.51     68728
weighted avg       0.56      0.56      0.55     68728

# Top Multinomial Naive Bayes
## Emotions:
### Parameters:
{'alpha': 0.5}
### Confusion Matrix:
2014	42	9	41	101	12	2	27	4	10	19	1	1	17	1	133	0	61	101	0	1513	29	1	7	0	1	2	30	
105	940	8	53	40	5	9	19	2	2	20	2	1	7	1	26	0	45	23	0	1156	9	0	9	0	1	4	18	
23	24	346	193	28	5	9	15	2	19	48	28	0	7	2	8	0	7	8	0	1251	9	0	8	0	0	12	5	
63	44	127	300	103	18	28	30	5	45	117	30	3	6	5	31	0	10	13	0	2234	8	0	26	0	1	28	22	
275	46	15	83	521	31	37	30	7	14	108	3	4	8	6	47	0	29	48	0	3015	64	0	40	0	1	19	12	
28	9	4	24	49	157	7	9	4	6	17	3	1	1	0	40	0	13	13	0	1006	45	0	6	0	4	11	1	
34	19	6	38	50	1	190	85	1	8	51	2	0	1	4	8	0	7	4	0	1436	5	0	23	0	1	2	11	
53	16	16	37	55	5	56	330	1	9	34	1	1	6	0	21	0	4	7	0	1691	9	0	9	0	2	5	28	
25	8	4	10	26	2	2	7	69	5	9	5	0	2	0	8	0	8	12	0	604	54	0	4	0	1	1	2	
41	17	21	73	60	10	13	8	5	102	69	10	1	3	5	9	0	9	8	1	1311	17	0	19	0	3	36	13	
59	41	45	122	107	13	36	12	0	34	358	13	6	1	1	14	0	7	10	0	2074	9	0	22	0	3	22	11	
31	7	56	104	36	2	10	8	0	13	36	137	6	1	4	3	1	1	2	0	711	6	0	5	0	1	7	8	
13	9	6	46	17	1	6	6	0	7	16	6	16	1	2	3	0	1	4	0	425	5	1	9	0	2	9	5	
154	20	19	16	37	3	1	18	6	7	4	1	0	76	2	23	0	72	19	0	701	15	0	7	0	0	5	27	
17	5	13	13	21	3	3	4	0	5	22	13	1	2	58	0	0	4	0	1	518	3	0	4	0	0	8	2	
155	15	1	2	40	15	4	11	0	2	13	0	0	5	1	2059	0	39	10	0	496	28	0	4	0	6	6	1	
5	0	1	2	1	2	0	0	0	1	3	0	0	1	1	5	0	1	0	0	103	3	0	4	0	0	10	1	
175	137	3	18	46	6	0	8	4	4	6	1	1	12	0	68	0	286	82	0	818	17	0	11	0	0	5	6	
192	12	2	12	37	3	5	4	2	1	6	0	0	2	0	19	0	33	810	0	806	2	0	8	0	0	2	2	
5	1	1	7	8	4	1	2	0	9	7	1	1	2	5	2	0	1	1	2	240	4	0	4	0	0	4	3	
738	288	276	512	767	154	189	290	36	170	549	74	12	89	32	182	1	148	207	0	16631	228	8	200	1	7	125	107	
89	12	4	11	78	37	8	1	14	8	25	2	0	5	0	26	0	11	8	0	1065	365	2	12	0	0	2	7	
46	3	2	4	14	2	0	2	0	2	5	0	0	2	1	6	0	5	1	0	160	3	2	4	0	0	0	2	
57	25	8	49	67	4	23	18	2	19	55	2	3	6	4	8	0	11	10	0	1338	18	0	105	0	2	8	22	
21	2	3	3	13	10	2	1	0	3	1	1	0	0	0	31	0	12	0	0	223	5	0	6	0	0	4	1	
3	2	3	10	15	8	1	1	1	8	8	0	0	0	0	40	0	1	4	0	394	3	1	9	0	43	59	3	
17	11	12	41	28	9	5	1	0	53	28	5	1	3	2	18	0	15	10	0	994	13	0	8	0	32	218	4	
79	11	23	36	28	3	19	38	1	8	23	3	0	10	3	9	0	8	2	0	865	5	0	21	1	0	5	192	

### Metrics:
              precision    recall  f1-score   support

           0       0.45      0.48      0.46      4179
           1       0.53      0.38      0.44      2505
           2       0.33      0.17      0.22      2057
           3       0.16      0.09      0.12      3297
           4       0.22      0.12      0.15      4463
           5       0.30      0.11      0.16      1458
           6       0.29      0.10      0.14      1987
           7       0.34      0.14      0.20      2396
           8       0.42      0.08      0.13       868
           9       0.18      0.05      0.08      1864
          10       0.22      0.12      0.15      3020
          11       0.40      0.11      0.18      1196
          12       0.27      0.03      0.05       616
          13       0.28      0.06      0.10      1233
          14       0.41      0.08      0.13       720
          15       0.72      0.71      0.71      2913
          16       0.00      0.00      0.00       144
          17       0.34      0.17      0.22      1714
          18       0.57      0.41      0.48      1960
          19       0.50      0.01      0.01       315
          20       0.38      0.76      0.51     22021
          21       0.37      0.20      0.26      1792
          22       0.13      0.01      0.01       266
          23       0.18      0.06      0.09      1864
          24       0.00      0.00      0.00       342
          25       0.39      0.07      0.12       617
          26       0.35      0.14      0.20      1528
          27       0.35      0.14      0.20      1393

    accuracy                           0.38     68728
   macro avg       0.32      0.17      0.20     68728
weighted avg       0.36      0.38      0.33     68728
## Sentiments:
### Parameters:
{'alpha': 1}
### Confusion Matrix:
1533	1209	3063	1766	
480	7905	4484	2665	
1108	3718	11147	6148	
525	1776	4643	16558	

### Metrics:
              precision    recall  f1-score   support

           0       0.42      0.20      0.27      7571
           1       0.54      0.51      0.52     15534
           2       0.48      0.50      0.49     22121
           3       0.61      0.70      0.65     23502

    accuracy                           0.54     68728
   macro avg       0.51      0.48      0.49     68728
weighted avg       0.53      0.54      0.53     68728
