
# Embedded Base Multi-Layered Perceptron
## Emotions:
### Confusion Matrix:
0	0	0	0	0	0	0	0	2	0	0	0	0	0	
0	0	0	0	0	1	0	0	0	0	0	0	0	0	
0	0	0	0	0	0	0	0	4	0	0	0	0	0	
0	0	0	0	0	0	0	0	2	0	0	1	0	0	
0	0	0	0	0	0	0	0	0	1	0	0	0	0	
0	0	0	0	0	0	0	0	0	0	0	0	0	0	
0	0	0	0	0	0	0	0	1	0	0	0	0	0	
0	0	0	0	0	0	0	0	1	0	0	0	0	0	
0	0	0	0	0	0	0	0	6	2	0	1	0	0	
0	0	0	0	0	0	0	0	0	0	0	0	0	0	
0	0	0	0	0	0	0	0	1	0	0	0	0	0	
0	0	0	0	0	0	0	0	0	0	0	0	0	0	
0	0	0	0	0	0	0	0	0	1	0	0	0	0	
0	0	0	0	0	0	0	0	1	0	0	0	0	0	

### Metrics:
              precision    recall  f1-score   support

           0       0.00      0.00      0.00         2
           2       0.00      0.00      0.00         1
           3       0.00      0.00      0.00         4
           4       0.00      0.00      0.00         3
          11       0.00      0.00      0.00         1
          12       0.00      0.00      0.00         0
          13       0.00      0.00      0.00         1
          15       0.00      0.00      0.00         1
          16       0.33      0.67      0.44         9
          17       0.00      0.00      0.00         0
          19       0.00      0.00      0.00         1
          21       0.00      0.00      0.00         0
          22       0.00      0.00      0.00         1
          23       0.00      0.00      0.00         1

    accuracy                           0.24        25
   macro avg       0.02      0.05      0.03        25
weighted avg       0.12      0.24      0.16        25
## Sentiments:
### Confusion Matrix:
0	0	4	0	
1	0	5	0	
0	0	4	0	
0	0	11	0	

### Metrics:
              precision    recall  f1-score   support

           0       0.00      0.00      0.00         4
           1       0.00      0.00      0.00         6
           2       0.17      1.00      0.29         4
           3       0.00      0.00      0.00        11

    accuracy                           0.16        25
   macro avg       0.04      0.25      0.07        25
weighted avg       0.03      0.16      0.05        25
